# oST version 5.0 parameters


[image]

width
320

height
240

[narrow_stereo/left]

camera matrix
277.069664 0.000000 161.548514
0.000000 277.622756 125.816496
0.000000 0.000000 1.000000

distortion
-0.066370 0.058620 0.003034 -0.000296 0.000000

rectification
1.000000 0.000000 0.000000
0.000000 1.000000 0.000000
0.000000 0.000000 1.000000

projection
271.908295 0.000000 160.984688 0.000000
0.000000 273.422363 125.879561 0.000000
0.000000 0.000000 1.000000 0.000000