image_width: 320
image_height: 240
camera_name: narrow_stereo/bottom
camera_matrix:
  rows: 3
  cols: 3
  data: [277.069664, 0, 161.548514, 0, 277.622756, 125.816496, 0, 0, 1]
distortion_model: plumb_bob
distortion_coefficients:
  rows: 1
  cols: 5
  data: [-0.06637, 0.05862, 0.003034, -0.000296, 0]
rectification_matrix:
  rows: 3
  cols: 3
  data: [1, 0, 0, 0, 1, 0, 0, 0, 1]
projection_matrix:
  rows: 3
  cols: 4
  data: [271.908295, 0, 160.984688, 0, 0, 273.422363, 125.879561, 0, 0, 0, 1, 0]