image_width: 1280
image_height: 960
camera_name: narrow_stereo/top
camera_matrix:
  rows: 3
  cols: 3
  data: [1142.713283, 0, 640.841058, 0, 1142.89717, 483.273962, 0, 0, 1]
distortion_model: plumb_bob
distortion_coefficients:
  rows: 1
  cols: 5
  data: [0.001225, -0.008857, 0.000635, -0.000282, 0]
rectification_matrix:
  rows: 3
  cols: 3
  data: [1, 0, 0, 0, 1, 0, 0, 0, 1]
projection_matrix:
  rows: 3
  cols: 4
  data: [1141.359131, 0, 640.035646, 0, 0, 1141.672607, 483.173689, 0, 0, 0, 1, 0]