image_width: 640
image_height: 480
camera_name: narrow_stereo/left
camera_matrix:
  rows: 3
  cols: 3
  data: [552.824708, 0, 337.829668, 0, 552.745802, 238.252645, 0, 0, 1]
distortion_model: plumb_bob
distortion_coefficients:
  rows: 1
  cols: 5
  data: [-0.070448, 0.067117, 0.003562, 0.004454, 0]
rectification_matrix:
  rows: 3
  cols: 3
  data: [1, 0, 0, 0, 1, 0, 0, 0, 1]
projection_matrix:
  rows: 3
  cols: 4
  data: [543.023254, 0, 340.282111, 0, 0, 545.743225, 238.906715, 0, 0, 0, 1, 0]