# oST version 5.0 parameters


[image]

width
320

height
240

[narrow_stereo/left]

camera matrix
277.396742 0.000000 176.341137
0.000000 275.841820 116.895823
0.000000 0.000000 1.000000

distortion
-0.064567 0.002183 0.004488 0.011229 0.000000

rectification
1.000000 0.000000 0.000000
0.000000 1.000000 0.000000
0.000000 0.000000 1.000000

projection
268.663727 0.000000 179.971761 0.000000
0.000000 271.859741 117.122489 0.000000
0.000000 0.000000 1.000000 0.000000

